0.536512668
0.619970194
0.79880775
0.214605067
0.059612519
0.238450075
0.321907601
0
0.298062593
0.166915052
1.299552906
0.584202683
0.500745156
0.655737705
0.596125186
0.274217586
0.619970194
0.488822653
0.345752608
0.834575261
0.393442623
1.645305514
1.40685544
1.514157973
1.02533532
0.786885246
0.214605067
0.131147541
0.071535022
0.202682563
0.107302534
0.119225037
0.059612519
0.238450075
0.60804769
0.131147541
0.453055142
0.202682563
0.321907601
0.536512668
0.643815201
0.429210134
0.309985097
0.429210134
0.631892697
0.345752608
0.453055142
0.631892697
0.786885246
0.953800298
0.977645306
1.013412817
0.858420268
0.584202683
1.21609538
0.953800298
0.70342772
1.084947839
0.941877794
1.049180328
0.918032787
0.679582712
0.345752608
0.321907601
0.274217586
1.287630402
0.965722802
0.369597615
1.084947839
0.79880775
0.894187779
0.667660209
0.751117735
0.286140089
0.274217586
0.309985097
0.214605067
0.238450075
0.166915052
0.19076006
0.166915052
0.19076006
0.572280179
0.357675112
0.166915052
0.119225037
0.131147541
0.381520119
0.250372578
0.500745156
0.476900149
0.071535022
0.071535022
0.023845007
0.059612519
